0 0 0 1 0 0 0 1 0 0 0 1 
0 0 0 1 0 0 0 1 0 0 0 1 
0 0 0 1 0 0 0 1 0 0 0 1 
0 0 0 1 0 0 0 1 0 0 0 1 
0 0 0 1 0 0 0 1 0 0 0 1 
0 0 0 1 0 0 0 1 0 0 0 1 
0 0 0 1 0 0 0 1 0 0 0 1 
0 0 0 1 0 0 0 1 0 0 0 1 
0 0 0 1 0 0 0 1 0 0 0 1 
0 0 0 1 0 0 0 1 0 0 0 1 
0 0 0 1 0 0 0 1 0 0 0 1 
0 0 0 1 0 0 0 1 0 0 0 1 
0 0 0 1 0 0 0 1 0 0 0 1 
0 0 0 1 0 0 0 1 0 0 0 1 
0 0 0 1 0 0 0 1 0 0 0 1 
0 0 0 1 0 0 0 1 0 0 0 1 
0 0 0 1 0 0 0 1 0 0 0 1 
0 0 0 1 0 0 0 1 0 0 0 1 
0 0 0 1 0 0 0 1 0 0 0 1 
0 0 0 1 0 0 0 1 0 0 0 1 
0 0 0 1 0 0 0 1 0 0 0 1 
0 0 0 1 0 0 0 1 0 0 0 1 
0 0 0 1 0 0 0 1 0 0 0 1 
0 0 0 1 0 0 0 1 0 0 0 1 
0 0 0 1 0 0 0 1 0 0 0 1 
0 0 0 1 0 0 0 1 0 0 0 1 
0 0 0 1 0 0 0 1 0 0 0 1 
0 0 0 1 0 0 0 1 0 0 0 1 
0 0 0 1 0 0 0 1 0 0 0 1 
0 0 0 1 0 0 0 1 0 0 0 1 
0 0 0 1 0 0 0 1 0 0 0 1 
0 0 0 1 0 0 0 1 0 0 0 1 
0 0 0 1 0 0 0 1 0 0 0 1 
0 0 0 1 0 0 0 1 0 0 0 1 
0 0 0 1 0 0 0 1 0 0 0 1 
0 0 0 1 0 0 0 1 0 0 0 1 
0 0 0 1 0 0 0 1 0 0 0 1 
0 0 0 1 0 0 0 1 0 0 0 1 
0 0 0 1 0 0 0 1 0 0 0 1 
0 0 0 1 0 0 0 1 0 0 0 1 
0 0 0 1 0 0 0 1 0 0 0 1 
0 0 0 1 0 0 0 1 0 0 0 1 
0 0 0 1 0 0 0 1 0 0 0 1 
0 0 0 1 0 0 0 1 0 0 0 1 
0 0 0 1 0 0 0 1 0 0 0 1 
0 0 0 1 0 0 0 1 0 0 0 1 
0 0 0 1 0 0 0 1 0 0 0 1 
0 0 0 1 0 0 0 1 0 0 0 1 
0 0 0 1 0 0 0 1 0 0 0 1 
0 0 0 1 0 0 0 1 0 0 0 1 
0 0 0 1 0 0 0 1 0 0 0 1 
0 0 0 1 0 0 0 1 0 0 0 1 
0 0 0 1 0 0 0 1 0 0 0 1 
0 0 0 1 0 0 0 1 0 0 0 1 
0 0 0 1 0 0 0 1 0 0 0 1 
0 0 0 1 0 0 0 1 0 0 0 1 
0 0 0 1 0 0 0 1 0 0 0 1 
0 0 0 1 0 0 0 1 0 0 0 1 
0 0 0 1 0 0 0 1 0 0 0 1 
0 0 0 1 0 0 0 1 0 0 0 1 
0 0 0 1 0 0 0 1 0 0 0 1 
0 0 0 1 0 0 0 1 0 0 0 1 
0 0 0 1 0 0 0 1 0 0 0 1 
0 0 0 1 0 0 0 1 0 0 0 1 
0 0 0 1 0 0 0 1 0 0 0 1 
0 0 0 1 0 0 0 1 0 0 0 1 
0 0 0 1 0 0 0 1 0 0 0 1 
0 0 0 1 0 0 0 1 0 0 0 1 
0 0 0 1 0 0 0 1 0 0 0 1 
0 0 0 1 0 0 0 1 0 0 0 1 
0 0 0 1 0 0 0 1 0 0 0 1 
0 0 0 1 0 0 0 1 0 0 0 1 
0 0 0 1 0 0 0 1 0 0 0 1 
0 0 0 1 0 0 0 1 0 0 0 1 
0 0 0 1 0 0 0 1 0 0 0 1 
0 0 0 1 0 0 0 1 0 0 0 1 
0 0 0 1 0 0 0 1 0 0 0 1 
0 0 0 1 0 0 0 1 0 0 0 1 
0 0 0 1 0 0 0 1 0 0 0 1 
0 0 0 1 0 0 0 1 0 0 0 1 
0 0 0 1 0 0 0 1 0 0 0 1 
0 0 0 1 0 0 0 1 0 0 0 1 
0 0 0 1 0 0 0 1 0 0 0 1 
0 0 0 1 0 0 0 1 0 0 0 1 
0 0 0 1 0 0 0 1 0 0 0 1 
0 0 0 1 0 0 0 1 0 0 0 1 
0 0 0 1 0 0 0 1 0 0 0 1 
0 0 0 1 0 0 0 1 0 0 0 1 
0 0 0 1 0 0 0 1 0 0 0 1 
0 0 0 1 0 0 0 1 0 0 0 1 
0 0 0 1 0 0 0 1 0 0 0 1 
0 0 0 1 0 0 0 1 0 0 0 1 
0 0 0 1 0 0 0 1 0 0 0 1 
0 0 0 1 0 0 0 1 0 0 0 1 
0 0 0 1 0 0 0 1 0 0 0 1 
0 0 0 1 0 0 0 1 0 0 0 1 
0 0 0 1 0 0 0 1 0 0 0 1 
0 0 0 1 0 0 0 1 0 0 0 1 
0 0 0 1 0 0 0 1 0 0 0 1 
0 0 0 1 0 0 0 1 0 0 0 1 
0 0 0 1 0 0 0 1 0 0 0 1 
0 0 0 1 0 0 0 1 0 0 0 1 
0 0 0 1 0 0 0 1 0 0 0 1 
0 0 0 1 0 0 0 1 0 0 0 1 
0 0 0 1 0 0 0 1 0 0 0 1 
0 0 0 1 0 0 0 1 0 0 0 1 
0 0 0 1 0 0 0 1 0 0 0 1 
0 0 0 1 0 0 0 1 0 0 0 1 
0 0 0 1 0 0 0 1 0 0 0 1 
0 0 0 1 0 0 0 1 0 0 0 1 
0 0 0 1 0 0 0 1 0 0 0 1 
0 0 0 1 0 0 0 1 0 0 0 1 
0 0 0 1 0 0 0 1 0 0 0 1 
0 0 0 1 0 0 0 1 0 0 0 1 
-0.0224587 0.00446716 0.132413 0.996871 -0.000292414 0.0790437 0.00470111 0.998442 -0.0555951 -0.0789043 0.0557928 0.99532 
-0.0210473 0.005237 0.136036 0.996402 -0.00140159 0.0847421 0.00543099 0.998864 -0.0473372 -0.0845795 0.0476271 0.995278 
-0.0233792 0.00441582 0.137731 0.996346 -0.000452453 0.085407 0.00401909 0.999127 -0.0415932 -0.0853136 0.0417844 0.995478 
-0.02332 0.00493355 0.140627 0.995975 -0.000389062 0.0896284 0.00341937 0.999428 -0.0336587 -0.089564 0.0338297 0.995406 
-0.024802 0.00421948 0.142232 0.995796 0.000457773 0.0916025 0.00204133 0.999628 -0.0271864 -0.0915809 0.0272591 0.995424 
-0.0257445 0.00588645 0.144003 0.995532 0.000477994 0.094427 0.00119056 0.999844 -0.0176132 -0.0944207 0.0176469 0.995376 
-0.0246662 0.00524845 0.147495 0.994991 -0.000854252 0.0999656 0.00186704 0.999948 -0.0100382 -0.0999519 0.0101746 0.99494 
-0.0263999 0.00456916 0.149459 0.994795 -0.000153147 0.101896 0.00045785 0.999995 -0.00296696 -0.101895 0.00299817 0.994791 
-0.0277429 0.00446944 0.151637 0.994508 0.000116352 0.104662 -0.000656786 0.999987 0.00512917 -0.10466 -0.00516974 0.994495 
-0.0282996 0.00626162 0.153592 0.994154 -0.000637498 0.107973 -0.00104378 0.999879 0.0155141 -0.10797 -0.0155361 0.994033 
-0.0283599 0.00652495 0.156696 0.993684 -0.00109735 0.11221 -0.00168351 0.999694 0.024685 -0.112203 -0.024718 0.993378 
-0.0306912 0.005097 0.158812 0.993482 -0.000361267 0.113993 -0.00323386 0.999503 0.0313517 -0.113948 -0.031516 0.992987 
-0.0306318 0.0034323 0.161565 0.992953 0.000214928 0.118511 -0.00471341 0.999279 0.0376793 -0.118418 -0.0379723 0.992238 
-0.0317654 0.00359005 0.163634 0.992592 0.000538266 0.121496 -0.00621323 0.998907 0.046335 -0.121339 -0.0467466 0.99151 
-0.0325821 0.00346063 0.165833 0.992164 0.000513892 0.124941 -0.00740994 0.998473 0.0547359 -0.124722 -0.0552328 0.990653 
-0.0335344 0.00348454 0.168301 0.991773 0.000342231 0.128006 -0.00853407 0.997948 0.0634525 -0.127722 -0.0640229 0.989741 
-0.034228 0.00359322 0.171308 0.991307 -0.000749787 0.131569 -0.00884545 0.997342 0.0723299 -0.131273 -0.0728649 0.988665 
-0.0354167 0.00342394 0.173459 0.990955 0.000155251 0.134197 -0.0110642 0.996689 0.0805484 -0.13374 -0.0813046 0.987676 
-0.0363693 0.00336765 0.175739 0.99053 0.0001968 0.137294 -0.0124991 0.995976 0.0887491 -0.136724 -0.0896248 0.986547 
-0.0372152 0.00259869 0.178846 0.990027 0.00109181 0.140876 -0.0147084 0.995306 0.0956518 -0.14011 -0.0967699 0.985396 
-0.0383675 0.0032188 0.180829 0.989729 9.46616e-05 0.142956 -0.0153091 0.994319 0.105332 -0.142134 -0.106438 0.984108 
-0.0393193 0.00365091 0.183193 0.989323 -0.00159663 0.145733 -0.0152389 0.993326 0.114333 -0.144943 -0.115333 0.982695 
-0.039203 0.00356164 0.187762 0.9886 -0.00220412 0.150551 -0.0164362 0.992338 0.122457 -0.149668 -0.123535 0.980989 
-0.0396341 0.00345781 0.19108 0.988059 -0.00314369 0.154044 -0.0171814 0.991308 0.130434 -0.153115 -0.131524 0.979417 
-0.0417687 0.00324588 0.192547 0.987905 -0.00159524 0.155054 -0.0199285 0.990348 0.13716 -0.153776 -0.138591 0.978338 
-0.0425291 0.00319385 0.195 0.987475 -0.00208952 0.157763 -0.021001 0.989274 0.144552 -0.156373 -0.146055 0.976839 
-0.0448481 0.00317907 0.196589 0.987419 -0.00136412 0.158117 -0.0228368 0.988249 0.151138 -0.156466 -0.152848 0.975785 
-0.0446729 0.00296224 0.200235 0.986857 -0.00260506 0.161578 -0.0232982 0.98713 0.158212 -0.15991 -0.159897 0.974095 
-0.0442069 0.0035728 0.206642 0.985992 -0.00627877 0.166673 -0.0219873 0.985677 0.167202 -0.165336 -0.168525 0.971732 
-0.0470282 0.0030325 0.206091 0.98616 -0.00233481 0.165783 -0.0264872 0.98484 0.171429 -0.16367 -0.173448 0.971148 
-0.0478542 0.00259912 0.208448 0.985846 -0.00230575 0.167638 -0.0277473 0.983872 0.176708 -0.165342 -0.178859 0.969882 
-0.0499099 0.00307329 0.211727 0.985808 -0.00249251 0.167861 -0.0287475 0.982615 0.183418 -0.1654 -0.18564 0.968597 
-0.0508457 0.00283691 0.214376 0.98558 -0.00214985 0.169194 -0.0302289 0.981596 0.18856 -0.166486 -0.190956 0.967377 
-0.0513401 0.0027042 0.217617 0.985268 -0.00367038 0.170978 -0.0299452 0.980621 0.193611 -0.168376 -0.195879 0.966065 
-0.0519355 0.00292201 0.219961 0.98505 -0.00364351 0.172231 -0.0311171 0.979568 0.198693 -0.169436 -0.201081 0.96481 
-0.0538727 0.00266365 0.222329 0.985174 -0.00350984 0.171525 -0.0317949 0.978736 0.202645 -0.168589 -0.205095 0.964113 
-0.0552544 0.00227461 0.224973 0.985113 -0.00289337 0.171883 -0.0330967 0.977961 0.206149 -0.168692 -0.208769 0.963306 
-0.0567836 0.00247513 0.227556 0.985292 -0.00358092 0.17084 -0.032926 0.977066 0.210375 -0.167676 -0.212906 0.962578 
-0.0591898 0.00260642 0.230002 0.985592 -0.00246056 0.16912 -0.0343525 0.976142 0.214401 -0.165613 -0.217121 0.961993 
-0.0609119 0.00239146 0.232045 0.985833 -0.00236196 0.167716 -0.034711 0.975383 0.217767 -0.164102 -0.220503 0.961483 
-0.0613519 0.00191724 0.234532 0.985826 -0.00318588 0.167743 -0.0343725 0.974776 0.220521 -0.164214 -0.223161 0.96085 
-0.062652 0.00186466 0.237766 0.986057 -0.00344564 0.166374 -0.0344785 0.973861 0.224514 -0.162799 -0.227119 0.960163 
-0.0649474 0.00194781 0.241257 0.986516 -0.00249053 0.163643 -0.0354372 0.972913 0.228439 -0.15978 -0.231158 0.959707 
-0.0647512 0.0014425 0.244523 0.986524 -0.00318158 0.163584 -0.0352589 0.972185 0.231544 -0.159771 -0.234191 0.958972 
-0.0674374 0.00124005 0.246691 0.987139 -0.0024114 0.159847 -0.0355938 0.971473 0.234465 -0.155853 -0.237139 0.958893 
-0.06869 0.00182698 0.249862 0.98749 -0.00240608 0.157661 -0.0357515 0.970426 0.238735 -0.153573 -0.241385 0.958201 
-0.0704455 0.000998674 0.252404 0.988032 -0.00277044 0.154226 -0.0348796 0.969929 0.240875 -0.150256 -0.243371 0.958224 
-0.0724068 0.000723782 0.254635 0.988619 -0.00263786 0.150418 -0.0344527 0.969304 0.243438 -0.146443 -0.24585 0.958182 
-0.0739353 0.00105331 0.2581 0.989068 -0.00174431 0.14745 -0.0351641 0.968293 0.24733 -0.143206 -0.249811 0.957646 
-0.0755498 0.000789902 0.26033 0.989619 -0.00206014 0.143701 -0.0342603 0.967688 0.249812 -0.139573 -0.252142 0.957572 
-0.0775166 0.00126133 0.263095 0.990261 -0.0020371 0.139212 -0.0336324 0.96678 0.253386 -0.135103 -0.2556 0.957296 
-0.078824 0.000216686 0.265375 0.990783 -0.00206747 0.135446 -0.032813 0.966443 0.254779 -0.131427 -0.256875 0.957467 
-0.0813234 0.000685409 0.269198 0.991487 -0.00148604 0.130195 -0.0325161 0.965426 0.258642 -0.126078 -0.260674 0.957159 
-0.082835 0.000271361 0.271136 0.992048 -0.00157435 0.125851 -0.0315147 0.964962 0.260492 -0.121852 -0.262387 0.957238 
-0.0842724 -1.63017e-06 0.273971 0.992623 -0.00199446 0.121227 -0.0301639 0.964364 0.262853 -0.117431 -0.264571 0.95719 
-0.0860973 -0.000714241 0.27701 0.993207 -0.00115803 0.116352 -0.0298596 0.963928 0.264484 -0.112461 -0.266161 0.957346 
-0.087619 -0.00104376 0.279733 0.993775 -0.00140715 0.111393 -0.0285313 0.963355 0.266707 -0.107686 -0.268226 0.957319 
-0.0905422 -0.00107876 0.281976 0.994548 -0.000943135 0.104278 -0.027285 0.962772 0.268936 -0.10065 -0.270315 0.957496 
-0.0920482 -0.00101294 0.285194 0.995071 -0.000874846 0.0991624 -0.0262118 0.962077 0.271517 -0.0956394 -0.272778 0.957311 
-0.0940603 -0.00180812 0.28825 0.99566 -0.000957849 0.0930652 -0.0246034 0.961666 0.273117 -0.0897593 -0.274221 0.957468 
-0.0966979 -0.00179736 0.290585 0.996281 -0.000363472 0.0861647 -0.023445 0.961119 0.275137 -0.0829145 -0.276134 0.957536 
-0.0982411 -0.00262459 0.292637 0.996798 -0.00104298 0.0799562 -0.0211208 0.96097 0.275844 -0.0771232 -0.276649 0.957871 
-0.100192 -0.00276546 0.296072 0.997298 -0.00124348 0.0734452 -0.0192812 0.960366 0.278075 -0.07088 -0.27874 0.957747 
-0.102 -0.0034166 0.29864 0.997752 -0.00227643 0.0669688 -0.0165265 0.960188 0.278864 -0.0649375 -0.279344 0.957993 
-0.10428 -0.0031453 0.30164 0.998198 -0.00112869 0.0599925 -0.0158348 0.959424 0.281521 -0.057876 -0.281964 0.957678 
-0.106408 -0.00371367 0.304521 0.998612 -0.00130766 0.0526544 -0.0136428 0.959152 0.282562 -0.050873 -0.282889 0.957803 
-0.108508 -0.00408921 0.306806 0.998968 -0.00197752 0.0453752 -0.010988 0.958851 0.283697 -0.0440691 -0.283903 0.95784 
-0.110605 -0.00471542 0.309707 0.999283 -0.00213316 0.037798 -0.00872099 0.958589 0.28466 -0.0368399 -0.284785 0.957883 
-0.11278 -0.00530969 0.312856 0.999527 -0.0012471 0.0307355 -0.00759012 0.958285 0.285715 -0.0298097 -0.285813 0.957822 
-0.114748 -0.00589481 0.314732 0.999733 -0.00191521 0.0230403 -0.00475875 0.958178 0.286133 -0.0226247 -0.286166 0.957913 
-0.116268 -0.00592992 0.317802 0.999863 -0.0017457 0.0164858 -0.0030749 0.957656 0.2879 -0.0162903 -0.287911 0.957519 
-0.119654 -0.00658514 0.320681 0.999975 -0.000606766 0.00704823 -0.00145254 0.957476 0.288508 -0.00692357 -0.288511 0.957452 
-0.121916 -0.00638369 0.32341 0.999998 -0.00147991 -0.00123539 0.00177488 0.956911 0.290377 0.000752422 -0.290379 0.956912 
-0.125061 -0.006939 0.325769 0.999941 -0.00103986 -0.0108504 0.00414934 0.956807 0.290695 0.0100794 -0.290723 0.956754 
-0.12745 -0.00735408 0.32835 0.999812 -0.00183154 -0.0193266 0.00738387 0.956594 0.291331 0.0179541 -0.291419 0.956427 
-0.129368 -0.00730903 0.330932 0.99963 -0.00179502 -0.0271367 0.00965612 0.956233 0.292448 0.0254241 -0.292602 0.955896 
-0.13133 -0.00808403 0.333878 0.99939 -0.00144549 -0.0349059 0.0116083 0.956114 0.292764 0.0329508 -0.292991 0.955547 
-0.134711 -0.00869951 0.335737 0.998978 -0.00153304 -0.0451767 0.0146966 0.956142 0.292535 0.0427468 -0.2929 0.955187 
-0.137111 -0.00881146 0.339118 0.998566 -0.000542995 -0.0535362 0.0162702 0.955734 0.293781 0.0510068 -0.294231 0.954372 
-0.138568 -0.0102139 0.341108 0.998126 -0.00270541 -0.0611253 0.0204876 0.956129 0.292227 0.0576531 -0.292932 0.954393 
-0.141653 -0.0101386 0.343929 0.997505 -0.00116066 -0.0705891 0.0218782 0.955724 0.29345 0.0671231 -0.294262 0.953365 
-0.145073 -0.0101551 0.348163 0.996701 -0.00045156 -0.0811643 0.0244755 0.955108 0.295246 0.0773873 -0.296259 0.951967 
-0.147807 -0.0110494 0.349971 0.995885 -0.000999853 -0.0906154 0.0277429 0.955292 0.29436 0.0862698 -0.295663 0.951389 
-0.150743 -0.0115189 0.352961 0.994951 -0.00164437 -0.100348 0.031251 0.955232 0.294202 0.0953717 -0.295852 0.950461 
-0.15302 -0.0117377 0.355467 0.99404 -0.000841847 -0.109009 0.0331455 0.954961 0.294875 0.103851 -0.296731 0.949297 
-0.156075 -0.012636 0.358131 0.992935 -0.0013662 -0.118652 0.0364146 0.955193 0.293736 0.112934 -0.295981 0.948494 
-0.159253 -0.013253 0.359565 0.991607 -0.00245366 -0.129268 0.0404641 0.955482 0.292261 0.122796 -0.295039 0.947562 
-0.161667 -0.013664 0.363273 0.990436 -0.00045484 -0.137974 0.0411221 0.955521 0.292042 0.131704 -0.294922 0.946401 
-0.163799 -0.0141128 0.362443 0.989256 -0.0019587 -0.146177 0.0443539 0.9568 0.287345 0.139299 -0.290741 0.946607 
-0.166417 -0.0148405 0.36639 0.987619 -0.00236906 -0.156856 0.0474493 0.957562 0.284294 0.149526 -0.288217 0.945819 
-0.17093 -0.0157529 0.369481 0.985269 -0.00369812 -0.170973 0.0520127 0.958883 0.278993 0.162912 -0.283776 0.94495 
-0.172533 -0.0161952 0.370538 0.983967 -0.00255788 -0.178334 0.0521044 0.960399 0.273713 0.170572 -0.278617 0.945134 
-0.176598 -0.0170148 0.373489 0.981379 -0.00321804 -0.192053 0.0554579 0.962025 0.267267 0.1839 -0.272941 0.94429 
-0.179405 -0.018162 0.37663 0.979055 -0.00360143 -0.203564 0.0574503 0.964099 0.259255 0.195322 -0.26552 0.944113 
-0.181569 -0.0187177 0.377548 0.977084 -0.00428583 -0.212811 0.0590012 0.966073 0.251438 0.204513 -0.258233 0.944188 
-0.18527 -0.0192591 0.380522 0.974234 -0.00366067 -0.22551 0.0600252 0.968016 0.243603 0.217406 -0.250863 0.943294 
-0.186031 -0.0200264 0.380283 0.972606 -0.00534814 -0.232397 0.0610304 0.97054 0.233084 0.224303 -0.240882 0.944279 
-0.191499 -0.0207849 0.383812 0.968473 -0.00410254 -0.249086 0.061655 0.972706 0.2237 0.24137 -0.232005 0.942292 
-0.194336 -0.022821 0.387056 0.965234 -0.00535541 -0.261331 0.0626155 0.975417 0.211283 0.253775 -0.220301 0.941842 
-0.197244 -0.02334 0.389582 0.96193 -0.00537381 -0.273243 0.0626673 0.977504 0.201391 0.266014 -0.210847 0.940627 
-0.200921 -0.0242894 0.391374 0.958125 -0.00536934 -0.286299 0.062095 0.979929 0.189429 0.279535 -0.199274 0.939228 
-0.203853 -0.0255336 0.393462 0.954333 -0.00612108 -0.298681 0.0616104 0.98233 0.176724 0.292321 -0.187055 0.937848 
-0.207437 -0.0264522 0.396073 0.95007 -0.00567885 -0.311985 0.0599839 0.98451 0.164745 0.306216 -0.175234 0.935695 
-0.210042 -0.0274035 0.397689 0.946132 -0.00631474 -0.323719 0.0585389 0.986669 0.151845 0.318445 -0.162615 0.933889 
-0.213954 -0.0278178 0.399752 0.941612 -0.00533548 -0.336659 0.0556752 0.988578 0.140052 0.332066 -0.150618 0.931153 
-0.216733 -0.0292115 0.401851 0.937058 -0.0067492 -0.349109 0.0539783 0.990594 0.125735 0.344976 -0.136665 0.928609 
-0.219335 -0.0304791 0.403941 0.932437 -0.00666816 -0.361272 0.0504968 0.992423 0.112014 0.357788 -0.122689 0.925708 
-0.222641 -0.0311616 0.405737 0.927541 -0.00542291 -0.373681 0.0458177 0.994002 0.0993024 0.370901 -0.109228 0.922226 
-0.22587 -0.033112 0.408055 0.922041 -0.0060604 -0.387045 0.0418068 0.995588 0.0840054 0.384828 -0.0936376 0.918226 
-0.229399 -0.0330274 0.408325 0.917116 -0.00498353 -0.39859 0.0367686 0.996717 0.0721392 0.396921 -0.0808156 0.914288 
-0.233498 -0.0354707 0.411576 0.910161 -0.00514165 -0.414222 0.0312222 0.99793 0.0562168 0.413076 -0.0640993 0.908438 
-0.235855 -0.035994 0.412872 0.905326 -0.00521453 -0.424685 0.0263634 0.998686 0.0439379 0.423898 -0.0509742 0.904274 
-0.239765 -0.038734 0.415248 0.898185 -0.00704549 -0.439562 0.0209307 0.999423 0.0267499 0.43912 -0.0332267 0.897814 
-0.241887 -0.0398356 0.416869 0.892799 -0.00735094 -0.450396 0.0151419 0.999792 0.0136974 0.450201 -0.0190489 0.892724 
-0.245738 -0.0411098 0.418254 0.886331 -0.00707219 -0.462998 0.00814768 0.999967 0.000323103 0.46298 -0.00405874 0.886359 
-0.249458 -0.0423037 0.420003 0.879081 -0.00686148 -0.476623 0.00100334 0.999921 -0.0125443 0.476671 0.0105493 0.879018 
-0.252247 -0.0434909 0.421163 0.872918 -0.00734464 -0.487812 -0.00574595 0.999663 -0.0253333 0.487833 0.0249168 0.872581 
-0.256793 -0.0449515 0.423487 0.864327 -0.00596104 -0.502895 -0.0147821 0.999197 -0.0372498 0.502713 0.0396299 0.863544 
-0.260263 -0.0466856 0.424742 0.85719 -0.00660517 -0.514958 -0.0225548 0.998477 -0.0503513 0.514507 0.0547754 0.855735 
-0.26181 -0.0484728 0.426328 0.851138 -0.0072024 -0.524892 -0.0304455 0.997545 -0.0630568 0.524058 0.0696506 0.84883 
-0.266604 -0.0493937 0.426105 0.84307 -0.00774155 -0.537748 -0.0380813 0.996527 -0.0740492 0.536454 0.0829068 0.839847 
-0.269677 -0.0521661 0.427884 0.835324 -0.00787795 -0.549701 -0.048022 0.99503 -0.0872342 0.547656 0.0992666 0.830794 
-0.273334 -0.0526121 0.425143 0.829245 -0.0125253 -0.558745 -0.0518127 0.99372 -0.0991723 0.556479 0.111188 0.823388 
-0.275843 -0.0541507 0.427202 0.821168 -0.00906919 -0.570614 -0.063242 0.992269 -0.106782 0.567171 0.123773 0.814246 
-0.28043 -0.0552972 0.42697 0.812895 -0.0096853 -0.58233 -0.0713937 0.990664 -0.116138 0.578018 0.135983 0.804614 
-0.283964 -0.0583956 0.429601 0.803519 -0.00878977 -0.595214 -0.0825367 0.988588 -0.126021 0.589529 0.150387 0.793624 
-0.287823 -0.0601891 0.431558 0.794097 -0.0114518 -0.607683 -0.0897889 0.986642 -0.135926 0.601122 0.162502 0.782461 
-0.287987 -0.0615489 0.427649 0.790038 -0.0056599 -0.613032 -0.101671 0.984901 -0.14012 0.604569 0.173028 0.777533 
-0.291609 -0.0639314 0.43036 0.779957 -0.00747382 -0.625788 -0.109889 0.982758 -0.148699 0.616109 0.184746 0.765688 
-0.294637 -0.0657493 0.430094 0.772072 -0.0103814 -0.63545 -0.116353 0.980658 -0.15739 0.624793 0.195453 0.755931 
-0.297049 -0.0650781 0.423388 0.767601 -0.00569222 -0.640903 -0.124748 0.97951 -0.158109 0.628671 0.201316 0.751162 
-0.297049 -0.0650781 0.423388 0.767601 -0.00569222 -0.640903 -0.124748 0.97951 -0.158109 0.628671 0.201316 0.751162 
-0.308765 -0.0855237 0.436324 0.74033 -0.0185193 -0.671988 -0.149844 0.969925 -0.191813 0.655331 0.242698 0.71529 
-0.312239 -0.0870957 0.435915 0.731611 -0.0178523 -0.681489 -0.157402 0.968223 -0.194343 0.663302 0.249451 0.705552 
-0.311567 -0.0836455 0.427362 0.73054 -0.0140323 -0.682726 -0.159639 0.968576 -0.190727 0.663948 0.248323 0.705343 
-0.316521 -0.0972012 0.431787 0.718196 -0.0198048 -0.695559 -0.174204 0.962646 -0.207283 0.673682 0.270039 0.687919 
-0.323965 -0.0959575 0.440528 0.700024 -0.0212664 -0.713803 -0.180022 0.96202 -0.205208 0.691056 0.27215 0.669608 
-0.323965 -0.0959575 0.440528 0.700024 -0.0212664 -0.713803 -0.180022 0.96202 -0.205208 0.691056 0.27215 0.669608 
-0.301057 -0.122761 0.417303 0.715364 -0.00886541 -0.698696 -0.211523 0.950257 -0.228627 0.665967 0.311342 0.677904 
-0.325174 -0.116337 0.43825 0.678872 -0.0215641 -0.73394 -0.210847 0.951745 -0.222991 0.703332 0.306132 0.641566 
-0.327442 -0.123942 0.437231 0.669625 -0.0182022 -0.742476 -0.224231 0.948094 -0.225472 0.708042 0.317468 0.630786 
-0.330538 -0.124002 0.436158 0.659546 -0.0164111 -0.751485 -0.229553 0.947602 -0.222163 0.715755 0.319033 0.621219 
-0.336443 -0.130537 0.439888 0.644108 -0.0159397 -0.764769 -0.242017 0.944177 -0.223512 0.72564 0.329052 0.604294 
-0.340134 -0.134959 0.441195 0.633312 -0.02011 -0.773636 -0.246951 0.942149 -0.226649 0.733438 0.334589 0.591708 
-0.330873 -0.13785 0.416999 0.64139 0.00587939 -0.767192 -0.261815 0.941621 -0.211667 0.72116 0.336623 0.605486 
-0.343097 -0.135634 0.427535 0.617476 0.0011401 -0.786589 -0.264481 0.942077 -0.206253 0.740792 0.335394 0.582012 
-0.335754 -0.141456 0.411829 0.621387 0.016155 -0.783338 -0.277431 0.939549 -0.200697 0.732742 0.342033 0.588305 
-0.349727 -0.142368 0.432645 0.589343 0.00404977 -0.807873 -0.282889 0.937712 -0.201667 0.756736 0.347389 0.553779 
-0.336444 -0.149895 0.402157 0.606182 0.0281148 -0.794829 -0.296809 0.935171 -0.193284 0.737867 0.353078 0.575229 
-0.36408 -0.165455 0.458612 0.544084 -0.0203775 -0.838783 -0.30682 0.925632 -0.221509 0.780919 0.377875 0.497369 
-0.363477 -0.17962 0.459667 0.534541 -0.0213002 -0.844874 -0.323409 0.918437 -0.227772 0.780815 0.394993 0.484053 
-0.368399 -0.188046 0.469565 0.513927 -0.0288472 -0.857349 -0.335191 0.913227 -0.231653 0.789637 0.406428 0.459662 
-0.383905 -0.205275 0.496068 0.466744 -0.0269787 -0.883981 -0.363666 0.905264 -0.219644 0.806162 0.423991 0.412715 
-0.393033 -0.21176 0.509544 0.440067 -0.0345046 -0.897302 -0.372914 0.901996 -0.217575 0.81687 0.430364 0.384071 
-0.398457 -0.223351 0.519739 0.417512 -0.0374354 -0.9079 -0.388762 0.89573 -0.215712 0.821308 0.44302 0.359425 
-0.401876 -0.235354 0.530409 0.395246 -0.0410726 -0.917656 -0.404754 0.889003 -0.214123 0.824594 0.456056 0.334751 
-0.406592 -0.244043 0.541045 0.372273 -0.0445649 -0.927053 -0.416337 0.884694 -0.209715 0.829504 0.464038 0.310793 
-0.410996 -0.253277 0.551051 0.35071 -0.0493724 -0.935182 -0.427964 0.879785 -0.206942 0.832976 0.472801 0.28742 
-0.413707 -0.262141 0.562299 0.328317 -0.0555455 -0.942933 -0.439163 0.874836 -0.204445 0.836268 0.481224 0.26283 
-0.415055 -0.273371 0.570727 0.311921 -0.0631546 -0.948007 -0.451618 0.868004 -0.20642 0.83591 0.492524 0.242227 
-0.418894 -0.28126 0.580206 0.288471 -0.0648489 -0.95529 -0.461886 0.864519 -0.198164 0.838717 0.4984 0.219436 
-0.419784 -0.288591 0.592998 0.265522 -0.0754529 -0.961148 -0.470223 0.860182 -0.197428 0.841658 0.504375 0.192918 
-0.42282 -0.293951 0.591864 0.257143 -0.0701015 -0.963828 -0.474075 0.859955 -0.189027 0.842099 0.505533 0.187898 
-0.425193 -0.301248 0.598224 0.240321 -0.0740265 -0.967867 -0.481169 0.856882 -0.185012 0.843043 0.51017 0.170307 
-0.428055 -0.30801 0.60541 0.222124 -0.0763219 -0.972027 -0.487601 0.854619 -0.178528 0.844338 0.513616 0.152616 
-0.430721 -0.314878 0.61235 0.204144 -0.0794596 -0.975711 -0.493914 0.85218 -0.172739 0.845207 0.517181 0.134721 
-0.432272 -0.321479 0.61923 0.186927 -0.0827543 -0.978882 -0.500198 0.849587 -0.167341 0.845494 0.520916 0.117417 
-0.434081 -0.327282 0.626085 0.169601 -0.0870831 -0.981658 -0.505338 0.847485 -0.162488 0.846091 0.523627 0.0997278 
-0.435473 -0.334016 0.6334 0.152312 -0.0913578 -0.984101 -0.510896 0.845087 -0.157525 0.846042 0.526766 0.0820422 
-0.437013 -0.340993 0.642011 0.133515 -0.0942421 -0.986556 -0.517492 0.842349 -0.150501 0.845208 0.530629 0.0636969 
-0.437613 -0.346836 0.648165 0.118008 -0.0986139 -0.988104 -0.522184 0.840205 -0.146217 0.844629 0.533227 0.0476566 
-0.439279 -0.354329 0.657801 0.097867 -0.102078 -0.989951 -0.528501 0.83754 -0.13861 0.843273 0.536755 0.0280194 
-0.438578 -0.359704 0.664405 0.082238 -0.107037 -0.990848 -0.533146 0.835267 -0.13448 0.842017 0.539326 0.0116242 
-0.436683 -0.365467 0.673101 0.064961 -0.11197 -0.991586 -0.538405 0.832707 -0.129301 0.840179 0.542274 -0.00619146 
-0.436721 -0.371209 0.680819 0.0478349 -0.115576 -0.992146 -0.543108 0.830613 -0.122944 0.838299 0.544724 -0.023038 
-0.436557 -0.37799 0.691006 0.0299424 -0.122122 -0.992063 -0.548663 0.827612 -0.118438 0.835508 0.547854 -0.042223 
-0.435605 -0.38356 0.69693 0.0147304 -0.12477 -0.992076 -0.552771 0.825764 -0.112062 0.833203 0.550041 -0.0568056 
-0.433382 -0.391047 0.707687 -0.004197 -0.130269 -0.99147 -0.559752 0.821901 -0.10562 0.828649 0.554534 -0.0763677 
-0.430934 -0.394528 0.716299 -0.0215414 -0.134949 -0.990618 -0.563047 0.820411 -0.0995183 0.826144 0.555621 -0.0936554 
-0.429176 -0.399715 0.726365 -0.0397556 -0.139403 -0.989437 -0.567399 0.818233 -0.0924841 0.822483 0.557729 -0.111627 
-0.425743 -0.404696 0.735725 -0.0557675 -0.145001 -0.987859 -0.572213 0.815436 -0.0873894 0.818207 0.560392 -0.128446 
-0.421274 -0.409308 0.745227 -0.0735384 -0.14838 -0.986192 -0.576966 0.812911 -0.0792855 0.813451 0.563169 -0.145391 
-0.418132 -0.413467 0.754709 -0.0904209 -0.152581 -0.984146 -0.58097 0.810706 -0.0723126 0.808887 0.565221 -0.16195 
-0.415067 -0.416843 0.765021 -0.107052 -0.158438 -0.981548 -0.584333 0.808759 -0.0668173 0.804422 0.566398 -0.17916 
-0.409539 -0.419305 0.774126 -0.124233 -0.16195 -0.978948 -0.588044 0.806687 -0.0588264 0.799231 0.568356 -0.195451 
